  375048.000000      -2.550029
  375216.000000      -9.652639
  375384.000000     -13.759728
  375552.000000     -17.796429
  375720.000000      -9.549069
  375888.000000      -4.790598
  376056.000000      -6.477136
  376224.000000      -3.327260
  376392.000000     -13.992342
  376560.000000      -5.174022
  376728.000000      -1.480121
  376896.000000      -5.396555
  377064.000000      -7.030046
  377232.000000      -5.985903
  377400.000000       6.182179
  377568.000000       1.301789
  377736.000000       5.115760
  377904.000000       0.831525
  378072.000000      -5.392557
  378240.000000       5.437099
  378408.000000      -3.602270
  378576.000000      -6.144869
  378744.000000      10.282469
  378912.000000       9.370555
  379080.000000      -6.937813
  379248.000000     -11.900988
  379416.000000     -10.695776
  379584.000000      -9.765998
  379752.000000     -11.289839
  379920.000000     -10.481558
  380088.000000      -8.791080
  380256.000000      -1.975381
  380424.000000      -2.661694
  380592.000000      -5.416476
  380760.000000      -6.958063
  380928.000000      -9.390671
  381096.000000      -0.011817
  381264.000000       0.312884
  381432.000000      -4.291758
  381600.000000      -5.043961
  381768.000000      -0.184407
  381936.000000       5.932713
  382104.000000       4.108168
  382272.000000       2.259034
  382440.000000      -5.461102
  382608.000000      -5.090058
  382776.000000       0.093574
  382944.000000      -1.641762
  383112.000000       2.634810
  383280.000000      -0.875476
  383448.000000      -5.160394
  383616.000000       0.135626
  383784.000000      -5.420497
  383952.000000      -5.248719
  384120.000000      -9.677663
  384288.000000      -5.191679
  384456.000000       3.110087
  384624.000000       5.142354
  384792.000000      -0.960791
  384960.000000      -1.577155
  385128.000000      -6.210953
  385296.000000      -6.226356
  385464.000000      -4.946144
  385632.000000     -17.127115
  385800.000000     -13.961646
  385968.000000       1.162224
  386136.000000       0.146003
  386304.000000       8.840602
  386472.000000      12.744200
  386640.000000      19.128950
  386808.000000      22.320467
  386976.000000      13.313361
  387144.000000       6.669068
  387312.000000      14.298828
  387480.000000      24.763411
  387648.000000      12.391783
  387816.000000       7.912589
  387984.000000      15.963736
  388152.000000       7.255952
  388320.000000      -6.978476
  388488.000000      -8.797112
  388656.000000     -11.518798
  388824.000000      -4.429346
  388992.000000       4.564849
  389160.000000      10.221061
  389328.000000      10.663121
  389496.000000       3.241307
  389664.000000      -1.138898
  389832.000000      -1.382139
  390000.000000       1.288221
  390168.000000      15.451541
  390336.000000      24.108858
  390504.000000      25.700016
  390672.000000      14.829265
  390840.000000      10.274995
  391008.000000       2.630508
  391176.000000      -4.548328
  391344.000000       2.563800
  391512.000000       8.286123
  391680.000000       9.349858
  391848.000000      -2.048237
  392016.000000      -3.597813
  392184.000000     -14.719455
  392352.000000     -18.452045
  392520.000000      -8.568715
  392688.000000      -3.339017
  392856.000000      -8.369364
  393024.000000      -3.871671
  393192.000000      -5.287447
  393360.000000     -11.839499
  393528.000000      -4.551286
  393696.000000       0.966698
  393864.000000       7.450539
  394032.000000       4.328045
  394200.000000      -6.372438
  394368.000000      10.566848
  394536.000000      18.822426
  394704.000000      19.747868
  394872.000000       0.541992
  395040.000000      -8.363855
  395208.000000       2.866856
  395376.000000       7.189583
  395544.000000      -0.223261
  395712.000000       3.193773
  395880.000000       7.821226
  396048.000000      18.617041
  396216.000000      22.271778
  396384.000000      10.366582
  396552.000000       8.508867
  396720.000000       0.254152
  396888.000000      -2.142182
  397056.000000       5.869225
  397224.000000       1.010210
  397392.000000       5.407878
  397560.000000       8.635334
  397728.000000       7.848282
  397896.000000       8.805149
  398064.000000       7.972306
  398232.000000      -0.172255
  398400.000000       3.809190
  398568.000000      -5.687652
  398736.000000      -7.897140
  398904.000000     -11.854451
  399072.000000      -2.290005
  399240.000000       2.471763
  399408.000000      -3.448106
  399576.000000      -8.088126
  399744.000000      -9.058175
  399912.000000      -8.365106
  400080.000000      -6.950449
  400248.000000     -10.604782
  400416.000000      -6.964310
  400584.000000      -1.596566
  400752.000000      -0.848333
  400920.000000       8.460804
  401088.000000      11.483385
  401256.000000      -2.257370
  401424.000000      -5.256594
  401592.000000      -3.060912
  401760.000000       0.037026
  401928.000000      -2.640129
  402096.000000      -2.114425
  402264.000000      -2.621248
  402432.000000      -1.774072
  402600.000000       1.134070
  402768.000000       4.358140
  402936.000000       5.185859
  403104.000000       1.993129
  403272.000000      -4.351547
  403440.000000     -10.215981
  403608.000000      -2.551094
  403776.000000      -5.981462
  403944.000000       1.343819
  404112.000000       8.715886
  404280.000000       6.018354
  404448.000000       3.761170
  404616.000000      -8.810531
  404784.000000     -15.817816
  404952.000000     -16.518124
  405120.000000     -17.729204
  405288.000000      -3.176459
  405456.000000      -6.986622
  405624.000000      -3.502695
  405792.000000      -0.856175
  405960.000000      -5.089281
  406128.000000      -2.483246
  406296.000000     -14.075296
  406464.000000     -13.048261
  406632.000000     -15.375036
  406800.000000     -11.240829
  406968.000000      -8.904835
  407136.000000      -2.913120
  407304.000000      -5.004578
  407472.000000      -3.766529
  407640.000000      -6.138054
  407808.000000      -4.749739
  407976.000000      -3.258980
  408144.000000      -0.125016
  408312.000000      -1.797483
  408480.000000      -0.638918
  408648.000000       8.854063
  408816.000000       7.036911
  408984.000000       7.399889
  409152.000000      13.415298
  409320.000000      12.292354
  409488.000000       0.983778
  409656.000000       5.963082
  409824.000000       7.607052
  409992.000000       5.602499
  410160.000000       3.938080
  410328.000000      11.921507
  410496.000000       6.081485
  410664.000000      -3.912366
  410832.000000       1.770673
  411000.000000       2.562854
  411168.000000       4.741324
  411336.000000       4.808868
  411504.000000       3.888546
  411672.000000       2.067700
  411840.000000       1.462390
  412008.000000       3.695722
  412176.000000       4.559956
  412344.000000      -5.418218
  412512.000000      -5.246031
  412680.000000       0.170826
  412848.000000       4.526662
  413016.000000      -6.031584
  413184.000000       6.055682
  413352.000000       9.886460
  413520.000000      -0.107344
  413688.000000     -20.156784
  413856.000000      -9.330313
  414024.000000      -0.013064
  414192.000000      -1.520691
  414360.000000      -1.224571
  414528.000000       0.125385
  414696.000000       1.759003
  414864.000000      -4.170129
  415032.000000     -10.397975
  415200.000000      -7.826431
  415368.000000      -4.909701
  415536.000000      -7.758653
  415704.000000      -3.427037
  415872.000000      -2.439061
  416040.000000      -1.228768
  416208.000000      -1.942587
  416376.000000      -1.764663
  416544.000000     -10.157872
  416712.000000     -10.790599
  416880.000000     -12.473256
  417048.000000      -7.702662
  417216.000000      -6.605661
  417384.000000      -6.352483
  417552.000000      -1.235084
  417720.000000       8.511573
  417888.000000      -0.325408
  418056.000000       0.240818
  418224.000000      -0.151236
  418392.000000      -1.124062
  418560.000000       5.803353
  418728.000000       6.620462
  418896.000000      10.646134
  419064.000000       4.983629
  419232.000000      -0.522498
  419400.000000      -7.016823
  419568.000000      -9.723262
  419736.000000     -10.057095
  419904.000000       2.532028
  420072.000000       0.601246
  420240.000000       7.716640
  420408.000000      17.783714
  420576.000000      17.876827
  420744.000000       5.287760
  420912.000000      -0.253556
  421080.000000       1.831561
  421248.000000      -3.035274
  421416.000000      -2.743001
  421584.000000      10.275805
  421752.000000      27.308634
  421920.000000      28.581432
  422088.000000      13.145296
  422256.000000       9.686896
  422424.000000       9.132445
  422592.000000       5.202046
  422760.000000      -0.410586
  422928.000000      -9.801363
  423096.000000      -1.346831
  423264.000000       8.731813
  423432.000000       9.514692
  423600.000000       7.095576
  423768.000000      13.794240
  423936.000000       1.994179
  424104.000000      -2.111018
  424272.000000      11.187213
  424440.000000      -1.522090
  424608.000000     -13.395066
  424776.000000       6.474444
  424944.000000       2.565124
  425112.000000      -2.772581
  425280.000000       2.088333
  425448.000000       4.441476
  425616.000000       8.301171
  425784.000000      -2.286804
  425952.000000      -8.054024
  426120.000000      -0.481045
  426288.000000      -5.373889
  426456.000000      -3.222945
  426624.000000     -16.099195
  426792.000000     -20.964926
  426960.000000      -8.912149
  427128.000000      -5.228901
  427296.000000      -7.140285
  427464.000000      -8.909048
  427632.000000      -7.899131
  427800.000000      -3.621550
  427968.000000       1.670866
  428136.000000      -2.331235
  428304.000000      -6.108799
  428472.000000      -6.071314
  428640.000000      -7.959267
  428808.000000      -4.493481
  428976.000000      -0.279456
  429144.000000      -6.798070
  429312.000000     -11.279559
  429480.000000     -11.041041
  429648.000000     -11.272944
  429816.000000      -5.565962
  429984.000000     -20.259409
  430152.000000     -22.256998
  430320.000000     -24.078875
  430488.000000     -19.691488
  430656.000000     -14.153493
  430824.000000       0.474195
  430992.000000       6.870999
  431160.000000       0.657108
  431328.000000      11.944173
  431496.000000       3.015688
  431664.000000       7.569533
  431832.000000       4.131911
  432000.000000      -5.992952
  432168.000000      -8.144793
  432336.000000      -8.509483
  432504.000000     -10.449741
  432672.000000     -15.731211
  432840.000000      -6.795125
  433008.000000      -3.572114
  433176.000000      -7.559382
  433344.000000      -2.491575
  433512.000000       1.492963
  433680.000000       3.075607
  433848.000000       2.105405
  434016.000000       0.600491
  434184.000000       0.154900
  434352.000000      -2.146811
  434520.000000      -2.339956
  434688.000000      -8.091656
  434856.000000      -0.527872
  435024.000000      -5.669601
  435192.000000      -7.040246
  435360.000000      -8.601277
  435528.000000      -7.618895
  435696.000000       3.221060
  435864.000000       1.856232
  436032.000000      -8.883035
  436200.000000      -8.250907
  436368.000000       1.805569
  436536.000000       3.980473
  436704.000000       4.190676
  436872.000000      -1.968369
  437040.000000      -9.352772
  437208.000000      -7.184407
  437376.000000      -7.396303
  437544.000000     -12.814718
  437712.000000     -14.259951
  437880.000000     -15.946074
  438048.000000     -17.682852
  438216.000000     -19.460796
  438384.000000     -10.705658
  438552.000000      -7.632506
  438720.000000      -2.581546
  438888.000000       4.186298
  439056.000000      -1.318111
  439224.000000      -6.810714
  439392.000000      -9.812581
  439560.000000     -14.519285
  439728.000000     -15.413157
  439896.000000      -7.317890
  440064.000000       2.093825
  440232.000000       5.135859
  440400.000000      12.683063
  440568.000000       4.093484
  440736.000000       2.570411
  440904.000000       2.330034
  441072.000000       2.318669
  441240.000000      11.256861
  441408.000000       5.942125
  441576.000000       1.340229
  441744.000000       8.201521
  441912.000000      13.603662
  442080.000000      17.523479
  442248.000000      11.446530
  442416.000000       1.175924
  442584.000000       2.744535
  442752.000000       1.576854
  442920.000000      -1.252163
  443088.000000      -5.265430
  443256.000000       0.899218
  443424.000000       5.604642
  443592.000000      -6.640038
  443760.000000      -2.763768
  443928.000000       5.415290
  444096.000000      -1.491469
  444264.000000      -0.025593
  444432.000000       7.058438
  444600.000000       0.992766
  444768.000000       1.183491
  444936.000000       8.893502
  445104.000000       5.918652
  445272.000000       8.709474
  445440.000000       5.073380
  445608.000000      -0.917383
  445776.000000       8.753506
  445944.000000     -10.916425
  446112.000000     -13.921443
  446280.000000      -0.909375
  446448.000000      -5.177198
  446616.000000     -10.973477
  446784.000000      -3.286518
  446952.000000       0.841420
  447120.000000       3.652910
  447288.000000      12.407681
  447456.000000      22.006487
  447624.000000      19.287525
  447792.000000      10.246164
  447960.000000      17.819796
  448128.000000      16.171223
  448296.000000       6.691622
  448464.000000      10.769647
  448632.000000       5.023977
  448800.000000       1.590645
  448968.000000       7.583294
  449136.000000       5.756670
  449304.000000       6.958449
  449472.000000      13.529906
  449640.000000      16.822281
  449808.000000       9.562784
  449976.000000       7.612698
  450144.000000      13.987392
  450312.000000      16.721472
  450480.000000      17.074900
  450648.000000      10.694451
  450816.000000      13.300027
  450984.000000      10.557850
  451152.000000       7.302752
  451320.000000      12.557962
  451488.000000       4.174220
  451656.000000      -0.693567
  451824.000000      -1.500421
  451992.000000      -4.986155
  452160.000000       5.341207
  452328.000000       8.790831
  452496.000000      10.778198
  452664.000000      -0.246653
  452832.000000      -3.589641
  453000.000000       7.273540
  453168.000000       5.548681
  453336.000000      -1.990194
  453504.000000       0.595307
  453672.000000       0.130945
  453840.000000      -1.543174
  454008.000000       5.213977
  454176.000000      -0.884163
  454344.000000      -0.386273
  454512.000000       2.778399
  454680.000000       1.515499
  454848.000000      -1.966380
  455016.000000       6.745936
  455184.000000       5.334869
  455352.000000      -2.802522
  455520.000000      -1.561377
  455688.000000      -7.021590
  455856.000000     -10.392203
  456024.000000       5.543328
  456192.000000      11.614490
  456360.000000       6.087176
  456528.000000      11.525752
  456696.000000      12.249419
  456864.000000       3.530327
  457032.000000      -2.374905
  457200.000000      -2.554890
  457368.000000       2.246928
  457536.000000      10.217043
  457704.000000      19.417490
  457872.000000      16.797712
  458040.000000       2.594294
  458208.000000      -8.867768
  458376.000000      -7.396496
  458544.000000      -7.387632
  458712.000000       1.758033
  458880.000000      21.822289
  459048.000000      13.879247
  459216.000000      10.120524
  459384.000000      -4.953873
  459552.000000     -10.113352
  459720.000000      -7.173331
  459888.000000      -3.482069
  460056.000000       1.237963
  460224.000000       9.998381
  460392.000000      12.657798
  460560.000000       3.774705
  460728.000000      -1.480873
  460896.000000       1.027533
  461064.000000      -5.672905
  461232.000000      -8.955874
  461400.000000      -6.710062
  461568.000000      -1.001157
  461736.000000       0.706086
  461904.000000      -2.265364
  462072.000000       0.560736
  462240.000000      -0.343172
  462408.000000      -4.979075
  462576.000000       1.624915
  462744.000000       1.777750
  462912.000000      -5.054034
  463080.000000      -7.142417
  463248.000000     -12.792584
  463416.000000     -11.946955
  463584.000000      -9.878532
  463752.000000      -9.148046
  463920.000000      -3.263725
  464088.000000       4.411775
  464256.000000      -1.758658
  464424.000000      -5.040812
  464592.000000       0.592214
  464760.000000      -0.818046
  464928.000000       1.226333
  465096.000000      10.331024
  465264.000000       7.385416
  465432.000000      12.194420
  465600.000000      26.246393
  465768.000000      18.434185
  465936.000000      14.883958
  466104.000000      11.537560
  466272.000000       5.924180
  466440.000000      -1.294989
  466608.000000     -13.559679
  466776.000000      -2.333368
  466944.000000      15.590173
  467112.000000      14.555610
  467280.000000      10.214874
  467448.000000       0.793096
  467616.000000       7.229168
  467784.000000       1.104479
  467952.000000      -2.885601
  468120.000000       1.245347
  468288.000000       1.493348
  468456.000000       5.649593
  468624.000000       6.735012
  468792.000000       6.340886
  468960.000000      -2.960666
  469128.000000      -1.763109
  469296.000000      -6.031054
  469464.000000     -10.038718
  469632.000000      -6.039504
  469800.000000       1.626750
  469968.000000       4.156234
  470136.000000       0.339540
  470304.000000     -14.634974
  470472.000000      -5.015794
  470640.000000       4.853880
  470808.000000      -5.285198
  470976.000000      -2.487087
  471144.000000       0.936510
  471312.000000       3.355198
  471480.000000      -0.669731
  471648.000000     -12.518657
  471816.000000     -14.200626
  471984.000000     -17.476549
  472152.000000     -18.037352
  472320.000000     -12.838616
  472488.000000      -7.129841
  472656.000000      -2.338838
  472824.000000      -4.771828
  472992.000000     -19.516003
  473160.000000     -21.533161
  473328.000000      -5.929437
  473496.000000      -1.668649
  473664.000000      -5.517057
  473832.000000      -3.709757
  474000.000000       9.276657
  474168.000000       6.918626
  474336.000000       4.942419
  474504.000000       8.791651
  474672.000000       8.827431
  474840.000000      14.294679
  475008.000000      16.379845
  475176.000000       5.695352
  475344.000000       1.023198
  475512.000000      -4.406358
  475680.000000       7.820428
  475848.000000       8.373665
  476016.000000     -12.450262
  476184.000000      -8.202737
  476352.000000      -0.837604
  476520.000000       2.200640
  476688.000000      12.881487
  476856.000000       9.206782
  477024.000000      -0.438745
  477192.000000      -7.473320
  477360.000000      -4.445969
  477528.000000      -0.871394
  477696.000000      -5.360104
  477864.000000      -2.071754
  478032.000000      -9.303865
  478200.000000      -7.614591
  478368.000000      -9.937085
  478536.000000     -14.853109
  478704.000000      -9.838094
  478872.000000      -5.270596
  479040.000000      -3.476029
  479208.000000      -7.283563
  479376.000000     -10.236473
  479544.000000      -9.431177
  479712.000000      -5.084090
  479880.000000       0.726878
  480048.000000      -0.782627
  480216.000000       3.883554
  480384.000000       4.477464
  480552.000000      -2.336446
  480720.000000     -10.300450
  480888.000000     -10.170433
  481056.000000      -6.395888
  481224.000000      -1.008604
  481392.000000      -8.585052
  481560.000000      -5.750193
  481728.000000      -8.079580
  481896.000000      -7.643408
  482064.000000      -8.621479
  482232.000000     -12.427174
  482400.000000      -6.610287
  482568.000000      -5.789884
  482736.000000      -4.950549
  482904.000000      -2.895886
  483072.000000      -0.771308
  483240.000000      -6.112877
  483408.000000      -1.849305
  483576.000000      -6.589705
  483744.000000      -4.951660
  483912.000000      -5.012362
  484080.000000       4.415135
  484248.000000       2.694590
  484416.000000      -2.186423
  484584.000000      -3.115988
  484752.000000      -0.838146
  484920.000000      -0.750801
  485088.000000      -6.345462
  485256.000000     -17.205982
  485424.000000      -8.990956
  485592.000000      -2.914184
  485760.000000      -8.269065
  485928.000000      -5.327975
  486096.000000      -8.481534
  486264.000000      -8.993340
  486432.000000      -5.776871
  486600.000000      -2.752172
  486768.000000      -7.100409
  486936.000000      -7.453242
  487104.000000      -4.651459
  487272.000000      -5.631752
  487440.000000      -2.274718
  487608.000000      -6.225597
  487776.000000      -7.962260
  487944.000000      -5.439974
  488112.000000      -1.286317
  488280.000000       7.041826
  488448.000000      10.204173
  488616.000000       6.253212
  488784.000000       0.869643
  488952.000000      -7.743222
  489120.000000      -7.135554
  489288.000000      -2.077732
  489456.000000      -7.316303
  489624.000000      -6.221696
  489792.000000      -2.194067
  489960.000000      -7.481957
  490128.000000      -2.371268
  490296.000000      -6.948179
  490464.000000      -0.931557
  490632.000000       3.118122
  490800.000000      -6.381804
  490968.000000     -10.126328
  491136.000000     -12.423531
  491304.000000       0.097596
  491472.000000       4.670341
  491640.000000      -5.345924
  491808.000000      -1.806054
  491976.000000       4.951784
  492144.000000      11.708965
  492312.000000      15.494794
  492480.000000       3.445394
  492648.000000      -7.155213
  492816.000000     -11.323780
  492984.000000      -7.753865
  493152.000000       2.482211
  493320.000000       1.230578
  493488.000000       5.100521
  493656.000000      -2.790244
  493824.000000      -5.118885
  493992.000000      -2.215623
  494160.000000      -0.135035
  494328.000000      -3.271599
  494496.000000      -0.792257
  494664.000000       0.216185
  494832.000000      -8.468234
  495000.000000     -18.705662
  495168.000000     -12.380280
  495336.000000      -3.189676
  495504.000000      -4.784587
  495672.000000      -7.857620
  495840.000000       2.238725
  496008.000000      -0.701984
  496176.000000       2.212746
  496344.000000       2.815159
  496512.000000       0.888320
  496680.000000       2.873368
  496848.000000      -5.848269
  497016.000000     -10.737088
  497184.000000     -20.845560
  497352.000000     -11.191336
  497520.000000      11.669138
  497688.000000       1.865937
  497856.000000       0.123623
  498024.000000      -3.369572
  498192.000000     -10.119669
  498360.000000      -6.214388
  498528.000000      -2.398249
  498696.000000      -6.915537
  498864.000000      -1.449152
  499032.000000       9.252535
  499200.000000      14.445051
  499368.000000      13.764270
  499536.000000       5.014345
  499704.000000      -0.257716
  499872.000000      -0.763571
  500040.000000      -7.243202
  500208.000000      -2.950101
  500376.000000      -7.895552
  500544.000000      -0.581100
  500712.000000      27.118322
  500880.000000      25.082659
  501048.000000      22.530409
  501216.000000      18.739313
  501384.000000      10.630673
  501552.000000      16.392138
  501720.000000      18.690277
  501888.000000      12.231616
  502056.000000      18.704159
  502224.000000      12.687698
  502392.000000      11.744992
  502560.000000      14.570642
  502728.000000       0.077950
  502896.000000      -0.949016
  503064.000000      -7.362973
  503232.000000      -9.399157
  503400.000000       3.781243
  503568.000000      -0.831057
  503736.000000      -1.771799
  503904.000000       2.123542
  504072.000000       4.385472
  504240.000000      10.560760
  504408.000000       5.180709
  504576.000000       7.111724
  504744.000000       2.961161
  504912.000000       2.963155
  505080.000000       2.754005
  505248.000000      -4.501420
  505416.000000      -6.345379
  505584.000000       3.533876
  505752.000000       7.298052
  505920.000000      -0.909239
  506088.000000      -7.798668
  506256.000000      -6.288946
  506424.000000      -5.080347
  506592.000000       7.918649
  506760.000000       3.315357
  506928.000000     -10.385673
  507096.000000      -0.913469
  507264.000000       0.028884
  507432.000000      -8.478949
  507600.000000      -5.558136
  507768.000000      -6.148448
  507936.000000     -12.380847
  508104.000000      -4.868745
  508272.000000       2.443010
  508440.000000      -2.140695
  508608.000000      -8.698394
  508776.000000      -4.366950
  508944.000000      -4.018608
  509112.000000     -13.094563
  509280.000000      -2.690702
  509448.000000      18.937593
  509616.000000      13.890529
  509784.000000      15.191990
  509952.000000      41.561523
  510120.000000      47.698338
  510288.000000      32.953438
  510456.000000      20.778877
  510624.000000      11.674503
  510792.000000       3.168286
  510960.000000      -0.970298
  511128.000000     -11.868116
  511296.000000      -7.443674
  511464.000000      -0.933587
  511632.000000      -3.344226
  511800.000000      -3.881361
  511968.000000       2.463614
  512136.000000       4.116974
  512304.000000      -1.801590
  512472.000000       3.858880
  512640.000000      -0.584613
  512808.000000      -6.636401
  512976.000000      -5.103113
  513144.000000     -12.734900
  513312.000000     -14.539943
  513480.000000      -9.089034
  513648.000000       4.601125
  513816.000000      10.927353
  513984.000000      -4.547204
  514152.000000      -6.445346
  514320.000000     -11.122387
  514488.000000      -8.675531
  514656.000000      -1.256930
  514824.000000       0.992125
  514992.000000      -7.202748
  515160.000000     -12.176493
  515328.000000     -10.958999
  515496.000000      -0.868830
  515664.000000       7.239505
  515832.000000      -5.774252
  516000.000000     -10.944531
  516168.000000      -2.958892
  516336.000000       1.466494
  516504.000000     -16.946976
  516672.000000     -13.425939
  516840.000000      -8.509398
  517008.000000      -5.838639
  517176.000000     -13.313560
  517344.000000      -3.026238
  517512.000000      11.804713
  517680.000000       9.266375
  517848.000000       5.595641
  518016.000000       1.489080
  518184.000000      -8.664901
  518352.000000      -4.905026
  518520.000000       9.968028
  518688.000000      13.647779
  518856.000000       8.087962
  519024.000000      -5.268516
  519192.000000     -16.254349
  519360.000000      -6.219563
  519528.000000       0.499046
  519696.000000       1.485048
  519864.000000       2.410724
  520032.000000       6.881174
  520200.000000      16.028294
  520368.000000      16.354153
  520536.000000       5.459835
  520704.000000      -1.409339
  520872.000000      -8.351414
  521040.000000      -8.332635
  521208.000000      -7.565337
  521376.000000      -7.419399
  521544.000000      -2.262718
  521712.000000       2.669829
  521880.000000       6.153288
  522048.000000       4.622591
  522216.000000      -5.574626
  522384.000000      -5.102769
  522552.000000      -7.818791
  522720.000000     -11.115055
  522888.000000      -4.191761
  523056.000000      11.647551
  523224.000000       4.004671
  523392.000000       3.531693
  523560.000000       5.065561
  523728.000000      -2.331354
  523896.000000       0.776529
  524064.000000       2.193269
  524232.000000       8.304191
  524400.000000      14.269417
  524568.000000      13.274589
  524736.000000      -2.687645
  524904.000000      -2.192380
  525072.000000     -11.990361
  525240.000000     -23.643013
  525408.000000     -12.932845
  525576.000000      -4.605157
  525744.000000       1.876654
  525912.000000       7.215401
  526080.000000       3.151264
  526248.000000       2.105012
  526416.000000      -1.959705
  526584.000000      -2.808022
  526752.000000      -6.754173
  526920.000000      -4.955776
  527088.000000      15.544306
  527256.000000       6.570208
  527424.000000       2.374925
  527592.000000      -0.523917
  527760.000000       7.543438
  527928.000000      12.743202
  528096.000000       6.497361
  528264.000000       0.650851
  528432.000000       6.197364
  528600.000000       4.897070
  528768.000000       3.383181
  528936.000000       2.605082
  529104.000000      -1.806831
  529272.000000      -9.794082
  529440.000000      -3.596591
  529608.000000      -0.218948
  529776.000000      -1.011241
  529944.000000      -4.221945
  530112.000000     -10.674817
  530280.000000     -12.154289
  530448.000000       1.062311
  530616.000000       3.648544
  530784.000000      -0.817574
  530952.000000      -3.323767
  531120.000000     -12.548578
  531288.000000     -11.428903
  531456.000000      -1.523205
  531624.000000      -2.768735
  531792.000000      -3.848683
  531960.000000       2.836361
  532128.000000      -1.893978
  532296.000000      -5.917839
  532464.000000       1.894004
  532632.000000       2.330764
  532800.000000      -5.556278
  532968.000000      -7.539301
  533136.000000     -10.874740
  533304.000000      -8.254978
  533472.000000      -0.493246
  533640.000000      -7.208241
  533808.000000     -14.912987
  533976.000000     -16.840378
  534144.000000      -8.313913
  534312.000000      -7.509057
  534480.000000     -10.345087
  534648.000000      -9.430047
  534816.000000      -4.689171
  534984.000000      -0.197266
  535152.000000       0.434937
  535320.000000      -3.294247
  535488.000000      -8.374240
  535656.000000       0.583629
  535824.000000      -1.847624
  535992.000000      -2.817714
  536160.000000       5.730042
  536328.000000       3.939066
  536496.000000      -8.357763
  536664.000000       5.709860
  536832.000000      13.293215
  537000.000000       7.300556
  537168.000000      10.090598
  537336.000000       6.601270
  537504.000000      -1.791572
  537672.000000      -9.649696
  537840.000000      -6.716958
  538008.000000      -1.765694
  538176.000000      -6.207301
  538344.000000      -1.626505
  538512.000000      -1.173171
  538680.000000      -2.159004
  538848.000000      -5.095539
  539016.000000      -3.817034
  539184.000000      -2.281042
  539352.000000      -3.437443
  539520.000000      -1.738123
  539688.000000       7.337390
  539856.000000       8.289601
  540024.000000       8.173939
  540192.000000      -3.416159
  540360.000000      -6.673402
  540528.000000       3.395826
  540696.000000       8.387607
  540864.000000       7.743373
  541032.000000       9.844639
  541200.000000       3.496870
  541368.000000      -2.167787
  541536.000000      -7.449075
  541704.000000      -9.975486
  541872.000000     -13.260843
  542040.000000     -10.053607
  542208.000000     -13.182287
  542376.000000     -10.639239
  542544.000000      -6.006248
  542712.000000      -3.457274
  542880.000000      -5.225453
  543048.000000      -8.221476
  543216.000000      -7.719355
  543384.000000      -5.163619
  543552.000000      -0.363049
  543720.000000       3.730401
  543888.000000       3.773808
  544056.000000       3.627928
  544224.000000       9.563715
  544392.000000      15.980522
  544560.000000       2.883852
  544728.000000      -5.888376
  544896.000000      -3.603943
  545064.000000       0.076039
  545232.000000       3.207080
  545400.000000       5.357749
  545568.000000       5.012840
  545736.000000       7.424820
  545904.000000      10.989057
  546072.000000       8.075066
  546240.000000      -0.736683
  546408.000000      -1.504194
  546576.000000       4.100514
  546744.000000       2.440914
  546912.000000       2.865198
  547080.000000       6.298305
  547248.000000       6.488623
  547416.000000      11.818079
  547584.000000      -9.501439
  547752.000000     -11.975610
  547920.000000       0.013363
  548088.000000      -0.055885
  548256.000000       3.667460
